0000000000000000000000000000000000000000
1111111011100000000000000000000000000000
1111111100110100000000000000000000000000
1111111100101100000000000000000000000000
1111111101010100000000000000000000000000
1111111101011100000000000000000000000000
1111111111110101000010000010000000000000
1111111100111000000000000000000000000000
1111111110000000000000000000000000000000
0000000000000000000000000000000000000000
0000000000000000000000000000000000000000
1111111011101000000011000000000000000000
1111111000110000000000001110001000000000
0000000000000000000000000000000000000000
0000000000000000000000000000000000000000
0000000000000000000000000000000000000000
0000000000000000000000000000000000000000
0000000000000000000000000000000000000000
0000000000000000000000000000000000000000
1111111111101000000001110010000000001000
0000000000000000000001101010000000000000
1111111111100000000000001100000000000000
1111111110000000000001110000000000000000
0000000000000000000000000000000000000000
1111111100000000000000000000000000000000
1111111011000000001000100000000000100111
0000000000000000000000000000000000000000
1111111011101000000111100000000000000000
1111111111101000000000010010000000000000
1111111111011000000000010000001100000000
0000000000000111110001100000000000000000
1111111100001000000000000000000000000000
1111111111110100000000000010000000000000
1111111111011000000001110000001000000000
1111110110100101000010000010000000000000
0000000000000000000000001110001000000000
1111110110101101000010000010000000000000
0000000000001000000000001110001000000000
1111110100101101000010000010000000000000
0000001111100000000000001110001000000000
0000000000000101000010000010000000000000
0000000000101000000000001110001000000000
0000000100010000000000001110001000000000
0000000000110000000010000010000001000000
0000000000101000000010000010001000000000
0000000000100101000010000010001000000000
0000000000111000000000001110001000000000
0000000001000000000010010010000001000000
0000000000111000000010010010001000000000
0000000000110101000010000010001000000000
0000000001001000000000001110001000000000
0000000001010000000010100010000001000000
0000000001001000000010100010001000000000
0000000001000101000010000010001000000000
0000000001011000000000001110001000000000
0000000001100000000010110010000001000000
0000000001011000000010110010001000000000
0000000001010101000010000010001000000000
0000000001101000000000001110001000000000
0000000001110000000011000010000001000000
0000000001101000000011000010001000000000
0000000001100101000010000010001000000000
0000000001111000000000001110001000000000
0000000010000000000011010010000001000000
0000000001111000000011010010001000000000
0000000001110101000010000010001000000000
0000000010001000000000001110001000000000
0000000010011000000011100010000001000000
0000000010001000000011100010001000000000
0000000010000101000010000010001000000000
0000000010100000000000001110001000000000
0000000011000000000100000010000001000000
0000000011001000000011110010001001000000
0000000010100000000100000010001000000000
0000000010011000000011110010001000000000
0000000010010101000010000010001000000000
0000000011010000000000001110001000000000
0000000011011000000100100010000001000000
0000000011100000000100010010001001000000
0000000011010000000100100010001000000000
0000000011001000000100010010001000000000
0000000011000101000010000010001000000000
0000000011101000000000001110001000000000
0000000011110000000101000010000001000000
0000000011111000000100110010001001000000
0000000011101000000101000010001000000000
0000000011100000000100110010001000000000
0000000011011101000010000010001000000000
0000000100000000000000001110001000000000
0000000000010000000000001110001000000000
0000000100011000000101010010000001000000
0000000100010000000101010010001000000000
0000000100001101000010000010001000000000
0000000100100000000000001110001000000000
0000000100101000000101100010000001000000
0000000100100000000101100010001000000000
0000000100011101000010000010001000000000
0000000100110000000000001110001000000000
0000000100111000000101110010000001000000
0000000100110000000101110010001000000000
0000000100101101000010000010001000000000
0000000101000000000000001110001000000000
0000000101001000000110000010000001000000
0000000101000000000110000010001000000000
0000000100111101000010000010001000000000
0000000101010000000000001110001000000000
0000000101011000000110010010000001000000
0000000101010000000110010010001000000000
0000000101001101000010000010001000000000
0000000101100000000000001110001000000000
0000000101101000000110100010000001000000
0000000101100000000110100010001000000000
0000000101011101000010000010001000000000
0000000101110000000000001110001000000000
0000000110000000000110110010000001000000
0000000101110000000110110010001000000000
0000000101101101000010000010001000000000
0000000110001000000000001110001000000000
0000000110101000000111010010000001000000
0000000110110000000111000010001001000000
0000000110001000000111010010001000000000
0000000110000000000111000010001000000000
0000000101111101000010000010001000000000
0000000110111000000000001110001000000000
0000000111000000000111110010000001000000
0000000111001000000111100010001001000000
0000000110111000000111110010001000000000
0000000110110000000111100010001000000000
0000000110101101000010000010001000000000
0000000111010000000000001110001000000000
0000000111011000001000010010000001000000
0000000111100000001000000010001001000000
0000000111010000001000010010001000000000
0000000111001000001000000010001000000000
0000000111000101000010000010001000000000
0000000111101000000000001110001000000000
0000000000011000000000001110001000000000
0000000000001101000010000010000000000000
0000001000001000000000001110001000000000
0000001011110000000000001110001000000000
0000001000010000001000100010000001000000
0000001000001000001000100010001000000000
0000001000000101000010000010001000000000
0000001000011000000000001110001000000000
0000001000100000001000110010000001000000
0000001000011000001000110010001000000000
0000001000010101000010000010001000000000
0000001000101000000000001110001000000000
0000001000110000001001000010000001000000
0000001000101000001001000010001000000000
0000001000100101000010000010001000000000
0000001000111000000000001110001000000000
0000001001000000001001010010000001000000
0000001000111000001001010010001000000000
0000001000110101000010000010001000000000
0000001001001000000000001110001000000000
0000001001010000001001100010000001000000
0000001001001000001001100010001000000000
0000001001000101000010000010001000000000
0000001001011000000000001110001000000000
0000001001100000001001110010000001000000
0000001001011000001001110010001000000000
0000001001010101000010000010001000000000
0000001001101000000000001110001000000000
0000001001111000001010000010000001000000
0000001001101000001010000010001000000000
0000001001100101000010000010001000000000
0000001010000000000000001110001000000000
0000001010100000001010100010000001000000
0000001010101000001010010010001001000000
0000001010000000001010100010001000000000
0000001001111000001010010010001000000000
0000001001110101000010000010001000000000
0000001010110000000000001110001000000000
0000001010111000001011000010000001000000
0000001011000000001010110010001001000000
0000001010110000001011000010001000000000
0000001010101000001010110010001000000000
0000001010100101000010000010001000000000
0000001011001000000000001110001000000000
0000001011010000001011100010000001000000
0000001011011000001011010010001001000000
0000001011001000001011100010001000000000
0000001011000000001011010010001000000000
0000001010111101000010000010001000000000
0000001011100000000000001110001000000000
0000000111110000000000001110001000000000
0000001011111000001011110010000001000000
0000001011110000001011110010001000000000
0000001011101101000010000010001000000000
0000001100000000000000001110001000000000
0000001100001000001100000010000001000000
0000001100000000001100000010001000000000
0000001011111101000010000010001000000000
0000001100010000000000001110001000000000
0000001100011000001100010010000001000000
0000001100010000001100010010001000000000
0000001100001101000010000010001000000000
0000001100100000000000001110001000000000
0000001100101000001100100010000001000000
0000001100100000001100100010001000000000
0000001100011101000010000010001000000000
0000001100110000000000001110001000000000
0000001100111000001100110010000001000000
0000001100110000001100110010001000000000
0000001100101101000010000010001000000000
0000001101000000000000001110001000000000
0000001101001000001101000010000001000000
0000001101000000001101000010001000000000
0000001100111101000010000010001000000000
0000001101010000000000001110001000000000
0000001101100000001101010010000001000000
0000001101010000001101010010001000000000
0000001101001101000010000010001000000000
0000001101101000000000001110001000000000
0000001110001000001101110010000001000000
0000001110010000001101100010001001000000
0000001101101000001101110010001000000000
0000001101100000001101100010001000000000
0000001101011101000010000010001000000000
0000001110011000000000001110001000000000
0000001110100000001110010010000001000000
0000001110101000001110000010001001000000
0000001110011000001110010010001000000000
0000001110010000001110000010001000000000
0000001110001101000010000010001000000000
0000001110110000000000001110001000000000
0000001110111000001110110010000001000000
0000001111000000001110100010001001000000
0000001110110000001110110010001000000000
0000001110101000001110100010001000000000
0000001110100101000010000010001000000000
0000001111001000000000001110001000000000
0000000111111000000000001110001000000000
0000010000001000001111110010000000000000
0000010000000000010000000010001000000000
0000001111110000001111110011010000000000
0000001111101000010000000010001000000000
0000001111100000001111000010001000000000
0000001111011000001111010010001000000000
0000001111010000001111100010001000000000
0000001111111000000000001110001000000000
0000010000010000000000001111001000000000
0000010000111000010001000010000000000000
0000010000110000010001010010001000000000
0000010000100000010001000011010000000000
0000010000011000010001010010001000000000
0000001111111000010000010010001000000000
0000001111110000010000100010001000000000
0000001111101000010000110010001000000000
0000010000101000000000001110001000000000
0000010001000000000000001111001000000000
0000010001101000010010010010000000000000
0000010001100000010010100010001000000000
0000010001010000010010010011010000000000
0000010001001000010010100010001000000000
0000010000101000010001100010001000000000
0000010000100000010001110010001000000000
0000010000011000010010000010001000000000
0000010001011000000000001110001000000000
0000010001110000000000001111001000000000
0000000000011000010010110010000000000000
0000010001111000000000001110001000000000
0000000000011000010010110010000000000000
0000010010000000000000001110001000000000
0000000111110000010011000010000000000000
0000010010001000000000001110001000000000
0000000111110000010011000010000000000000
0000010010010000000000001110001000000000
0000010001011101000010000010000000000000
0000010010110000000000001110001000000000
0000010110011000000000001110001000000000
0000010010111000010011010010000001000000
0000010010110000010011010010001000000000
0000010010101101000010000010001000000000
0000010011000000000000001110001000000000
0000010011001000010011100010000001000000
0000010011000000010011100010001000000000
0000010010111101000010000010001000000000
0000010011010000000000001110001000000000
0000010011011000010011110010000001000000
0000010011010000010011110010001000000000
0000010011001101000010000010001000000000
0000010011100000000000001110001000000000
0000010011101000010100000010000001000000
0000010011100000010100000010001000000000
0000010011011101000010000010001000000000
0000010011110000000000001110001000000000
0000010011111000010100010010000001000000
0000010011110000010100010010001000000000
0000010011101101000010000010001000000000
0000010100000000000000001110001000000000
0000010100001000010100100010000001000000
0000010100000000010100100010001000000000
0000010011111101000010000010001000000000
0000010100010000000000001110001000000000
0000010100100000010100110010000001000000
0000010100010000010100110010001000000000
0000010100001101000010000010001000000000
0000010100101000000000001110001000000000
0000010101001000010101010010000001000000
0000010101010000010101000010001001000000
0000010100101000010101010010001000000000
0000010100100000010101000010001000000000
0000010100011101000010000010001000000000
0000010101011000000000001110001000000000
0000010101100000010101110010000001000000
0000010101101000010101100010001001000000
0000010101011000010101110010001000000000
0000010101010000010101100010001000000000
0000010101001101000010000010001000000000
0000010101110000000000001110001000000000
0000010101111000010110010010000001000000
0000010110000000010110000010001001000000
0000010101110000010110010010001000000000
0000010101101000010110000010001000000000
0000010101100101000010000010001000000000
0000010110001000000000001110001000000000
0000010010011000000000001110001000000000
0000010110100000010110100010000001000000
0000010110011000010110100010001000000000
0000010110010101000010000010001000000000
0000010110101000000000001110001000000000
0000010110110000010110110010000001000000
0000010110101000010110110010001000000000
0000010110100101000010000010001000000000
0000010110111000000000001110001000000000
0000010111000000010111000010000001000000
0000010110111000010111000010001000000000
0000010110110101000010000010001000000000
0000010111001000000000001110001000000000
0000010111010000010111010010000001000000
0000010111001000010111010010001000000000
0000010111000101000010000010001000000000
0000010111011000000000001110001000000000
0000010111100000010111100010000001000000
0000010111011000010111100010001000000000
0000010111010101000010000010001000000000
0000010111101000000000001110001000000000
0000010111110000010111110010000001000000
0000010111101000010111110010001000000000
0000010111100101000010000010001000000000
0000010111111000000000001110001000000000
0000011000001000011000000010000001000000
0000010111111000011000000010001000000000
0000010111110101000010000010001000000000
0000011000010000000000001110001000000000
0000011000110000011000100010000001000000
0000011000111000011000010010001001000000
0000011000010000011000100010001000000000
0000011000001000011000010010001000000000
0000011000000101000010000010001000000000
0000011001000000000000001110001000000000
0000011001001000011001000010000001000000
0000011001010000011000110010001001000000
0000011001000000011001000010001000000000
0000011000111000011000110010001000000000
0000011000110101000010000010001000000000
0000011001011000000000001110001000000000
0000011001100000011001100010000001000000
0000011001101000011001010010001001000000
0000011001011000011001100010001000000000
0000011001010000011001010010001000000000
0000011001001101000010000010001000000000
0000011001110000000000001110001000000000
0000010010100000000000001110001000000000
0000010010000101000010000010000000000000
0000010010001101000010000010001000000000
0000011001111000000000001110001000000000
0000010001111101000010000010000000000000
0000010010010101000010000010001001000000
0000011010000000000000001110001000000000
0000010010100101000010000010000000000000
1111110110110000000000001110001000000000
0000010010011101000010000010000000000000
1111110110111000000000001110001000000000
0000011001111101000010000010000000000000
1111110101101000000000001110001000000000
0000011010000101000010000010000000000000
1111110101100000000000001110001000000000
0000000000000000000000000000000000000000
1111111000110000000000000000000000000000
0000000000000000000000000000000000000000
1111111011000000000011110000000000000000
0000000000000000000000000000000000000000
